0.0129202
1e-05
0.011913
2.8e-05
0.0118525
0.000184
0.0117199
2.8e-05
0.0120045
1.8e-05
0.0116748
2.5e-05
0.0123495
3.9e-05
0.0146862
2e-05
0.0127396
2.7e-05
0.0124226
0.000211
0.0126831
4.8e-05
0.0119448
0.000227
0.01187
1e-05
0.0113814
2.8e-05
0.0116402
8.4e-05
0.0117714
2.9e-05
0.0113901
1.7e-05
0.0117203
2.5e-05
0.0120088
4.2e-05
0.0113796
2e-05
0.0120419
2.7e-05
0.0123183
9.3e-05
0.012168
4.8e-05
0.0120458
0.000197
12.8075
12.7933
0.0114773
8.7e-06
0.011279
2.65e-05
0.0118085
7.11e-05
0.0118412
2.77e-05
0.0115495
1.7e-05
0.0107936
2.58e-05
0.0112035
3.38e-05
0.0112408
1.91e-05
0.0118307
2.58e-05
0.0116159
9.19e-05
0.0112125
4.59e-05
0.0111887
0.0001156
1.35246
1.33972
